gest_wks P03 P10 P25 P50 P75 P90 P97
14 -2.34 -1.73 -1.07 -0.25 0.65 1.54 2.50
15 -1.77 -1.14 -0.45 0.39 1.32 2.24 3.23
16 -1.26 -0.60 0.13 1.01 1.99 2.95 3.98
17 -0.80 -0.09 0.67 1.61 2.64 3.65 4.75
18 -0.37 0.38 1.19 2.19 3.29 4.36 5.53
19 0.03 0.82 1.69 2.75 3.92 5.07 6.31
20 0.41 1.25 2.17 3.30 4.55 5.78 7.11
21 0.77 1.66 2.64 3.84 5.17 6.49 7.91
22 1.11 2.05 3.10 4.37 5.79 7.19 8.72
23 1.45 2.44 3.54 4.90 6.41 7.90 9.52
24 1.77 2.82 3.98 5.42 7.02 8.61 10.34
25 2.09 3.19 4.42 5.94 7.63 9.31 11.15
26 2.40 3.56 4.85 6.45 8.24 10.02 11.97
27 2.71 3.93 5.28 6.96 8.85 10.73 12.79
28 3.02 4.29 5.71 7.47 9.45 11.43 13.61
29 3.33 4.65 6.14 7.98 10.06 12.14 14.44
30 3.63 5.01 6.56 8.49 10.67 12.86 15.27
31 3.94 5.37 6.99 9.00 11.28 13.57 16.10
32 4.24 5.73 7.41 9.52 11.89 14.29 16.94
33 4.55 6.10 7.84 10.03 12.51 15.01 17.78
34 4.85 6.46 8.27 10.55 13.12 15.73 18.62
35 5.16 6.82 8.70 11.06 13.74 16.46 19.47
36 5.47 7.19 9.14 11.58 14.37 17.19 20.32
37 5.78 7.56 9.57 12.11 14.99 17.92 21.18
38 6.10 7.93 10.01 12.63 15.62 18.66 22.04
39 6.41 8.30 10.45 13.16 16.25 19.40 22.91
40 6.73 8.68 10.89 13.69 16.89 20.15 23.79